           1 ,   29.739999999999998     
           2 ,   26.010000000000002     
           3 ,   22.270000000000000     
           4 ,   18.559999999999999     
           5 ,   12.580000000000000     
           6 ,   10.160000000000000     
           7 ,   9.7500000000000000     
           8 ,   12.029999999999999     
           9 ,   10.840000000000000     
          10 ,   9.8699999999999992     
          11 ,   10.690000000000000     
          12 ,   12.109999999999999     
          13 ,   12.850000000000000     
          14 ,   11.840000000000000     
          15 ,   9.3000000000000007     
          16 ,   9.0299999999999994     
          17 ,   7.9299999999999997     
          18 ,   8.3100000000000005     
          19 ,   8.4600000000000009     
          20 ,   8.2300000000000004     
          21 ,   7.9400000000000004     
          22 ,   8.1600000000000001     
          23 ,   8.3800000000000008     
          24 ,   10.840000000000000     
          25 ,   13.180000000000000     
          26 ,   12.949999999999999     
          27 ,   12.630000000000001     
          28 ,   15.900000000000000     
          29 ,   19.129999999999999     
          30 ,   19.559999999999999     
          31 ,   18.899999999999999     
          32 ,   14.400000000000000     
          33 ,   13.220000000000001     
          34 ,   12.750000000000000     
          35 ,   12.160000000000000     
          36 ,   11.500000000000000     
          37 ,   13.039999999999999     
          38 ,   12.800000000000001     
          39 ,   11.430000000000000     
          40 ,   10.310000000000000     
          41 ,   9.3499999999999996     
          42 ,   7.4100000000000001     
          43 ,   7.0800000000000001     
          44 ,   7.1600000000000001     
          45 ,   8.1999999999999993     
          46 ,   11.029999999999999     
          47 ,   8.8499999999999996     
          48 ,   8.7599999999999998     
          49 ,   8.4700000000000006     
          50 ,   7.7400000000000002     
          51 ,   7.8899999999999997     
          52 ,   9.1899999999999995     
          53 ,   9.9600000000000009     
          54 ,   9.2300000000000004     
          55 ,   9.5000000000000000     
          56 ,   12.330000000000000     
          57 ,   14.010000000000000     
          58 ,   13.570000000000000     
          59 ,   12.330000000000000     
          60 ,   12.550000000000001     
          61 ,   12.130000000000001     
          62 ,   13.039999999999999     
          63 ,   12.330000000000000     
          64 ,   12.140000000000001     
          65 ,   11.710000000000001     
          66 ,   10.740000000000000     
          67 ,   10.740000000000000     
          68 ,   10.770000000000000     
          69 ,   10.400000000000000     
          70 ,   10.350000000000000     
          71 ,   11.770000000000000     
          72 ,   10.910000000000000     
          73 ,   11.270000000000000     
          74 ,   15.660000000000000     
          75 ,   16.020000000000000     
          76 ,   14.260000000000000     
          77 ,   13.080000000000000     
          78 ,   10.580000000000000     
          79 ,   8.8100000000000005     
          80 ,   8.4100000000000001     
          81 ,   7.6299999999999999     
          82 ,   8.3200000000000003     
          83 ,   8.3800000000000008     
          84 ,   8.9499999999999993     
          85 ,   9.5999999999999996     
          86 ,   8.9800000000000004     
          87 ,   8.1600000000000001     
          88 ,   8.5000000000000000     
          89 ,   8.7100000000000009     
          90 ,   9.0299999999999994     
          91 ,   9.7300000000000004     
          92 ,   10.800000000000001     
          93 ,   11.730000000000000     
          94 ,   11.940000000000000     
          95 ,   12.109999999999999     
          96 ,   15.740000000000000     
          97 ,   16.489999999999998     
          98 ,   14.630000000000001     
          99 ,   15.890000000000001     
         100 ,   14.480000000000000     
         101 ,   14.529999999999999     
         102 ,   14.740000000000000     
         103 ,   11.460000000000001     
         104 ,   11.070000000000000     
         105 ,   12.010000000000000     
         106 ,   12.170000000000000     
         107 ,   10.690000000000000     
         108 ,   9.8000000000000007     
         109 ,   10.279999999999999     
         110 ,   9.2699999999999996     
         111 ,   8.4199999999999999     
         112 ,   8.7100000000000009     
         113 ,   9.5700000000000003     
         114 ,   9.7500000000000000     
         115 ,   10.039999999999999     
         116 ,   9.9199999999999999     
         117 ,   11.449999999999999     
         118 ,   11.230000000000000     
         119 ,   11.289999999999999     
         120 ,   12.010000000000000     
         121 ,   12.390000000000001     
         122 ,   12.500000000000000     
         123 ,   10.710000000000001     
         124 ,   9.6199999999999992     
         125 ,   7.5000000000000000     
         126 ,   7.5499999999999998     
         127 ,   7.5400000000000000     
         128 ,   7.2199999999999998     
         129 ,   8.0600000000000005     
         130 ,   7.1900000000000004     
         131 ,   8.2300000000000004     
         132 ,   9.1999999999999993     
         133 ,   9.9800000000000004     
         134 ,   11.070000000000000     
         135 ,   12.740000000000000     
         136 ,   14.910000000000000     
         137 ,   13.970000000000001     
         138 ,   13.460000000000001     
         139 ,   12.619999999999999     
         140 ,   12.160000000000000     
         141 ,   16.590000000000000     
         142 ,   13.420000000000000     
         143 ,   12.930000000000000     
         144 ,   11.740000000000000     
         145 ,   13.699999999999999     
         146 ,   16.170000000000002     
         147 ,   15.650000000000000     
         148 ,   16.129999999999999     
         149 ,   15.920000000000000     
         150 ,   18.309999999999999     
         151 ,   15.980000000000000     
         152 ,   10.920000000000000     
         153 ,   11.150000000000000     
         154 ,   11.420000000000000     
         155 ,   10.949999999999999     
         156 ,   9.0899999999999999     
         157 ,   9.0199999999999996     
         158 ,   11.279999999999999     
         159 ,   10.039999999999999     
         160 ,   8.9700000000000006     
         161 ,   9.5999999999999996     
         162 ,   11.119999999999999     
         163 ,   10.410000000000000     
         164 ,   9.3000000000000007     
         165 ,   9.5700000000000003     
         166 ,   9.7200000000000006     
         167 ,   8.9399999999999995     
         168 ,   7.9600000000000000     
         169 ,   6.8200000000000003     
         170 ,   6.7999999999999998     
         171 ,   7.0400000000000000     
         172 ,   6.5899999999999999     
         173 ,   6.9000000000000004     
         174 ,   7.7100000000000000     
         175 ,   8.8100000000000005     
         176 ,   8.7200000000000006     
         177 ,   9.7200000000000006     
         178 ,   11.430000000000000     
         179 ,   12.330000000000000     
         180 ,   14.039999999999999     
         181 ,   13.490000000000000     
         182 ,   12.260000000000000     
         183 ,   10.410000000000000     
         184 ,   10.850000000000000     
         185 ,   13.240000000000000     
         186 ,   11.590000000000000     
         187 ,   10.720000000000001     
         188 ,   11.180000000000000     
         189 ,   12.760000000000000     
         190 ,   12.220000000000001     
         191 ,   10.990000000000000     
         192 ,   13.990000000000000     
         193 ,   14.840000000000000     
         194 ,   12.199999999999999     
         195 ,   12.520000000000000     
         196 ,   14.380000000000001     
         197 ,   15.320000000000000     
         198 ,   14.890000000000001     
         199 ,   12.119999999999999     
         200 ,   10.880000000000001     
         201 ,   10.070000000000000     
         202 ,   8.2599999999999998     
         203 ,   8.1300000000000008     
         204 ,   7.7400000000000002     
         205 ,   7.1799999999999997     
         206 ,   7.0800000000000001     
         207 ,   6.8399999999999999     
         208 ,   7.4500000000000002     
         209 ,   8.5700000000000003     
         210 ,   9.7300000000000004     
         211 ,   12.029999999999999     
         212 ,   11.960000000000001     
         213 ,   13.300000000000001     
         214 ,   12.260000000000000     
         215 ,   10.940000000000000     
         216 ,   11.609999999999999     
         217 ,   11.190000000000000     
         218 ,   10.560000000000000     
         219 ,   12.279999999999999     
         220 ,   14.199999999999999     
         221 ,   11.080000000000000     
         222 ,   9.6699999999999999     
         223 ,   10.949999999999999     
         224 ,   11.380000000000001     
         225 ,   9.9199999999999999     
         226 ,   10.770000000000000     
         227 ,   12.570000000000000     
         228 ,   13.180000000000000     
         229 ,   12.949999999999999     
         230 ,   11.840000000000000     
         231 ,   12.340000000000000     
         232 ,   8.9299999999999997     
         233 ,   7.7100000000000000     
         234 ,   7.3499999999999996     
         235 ,   7.0999999999999996     
         236 ,   6.6200000000000001     
         237 ,   6.7100000000000000     
         238 ,   7.1399999999999997     
         239 ,   8.1400000000000006     
         240 ,   9.4199999999999999     
         241 ,   9.4900000000000002     
         242 ,   11.470000000000001     
         243 ,   11.100000000000000     
         244 ,   11.670000000000000     
         245 ,   10.660000000000000     
         246 ,   11.300000000000001     
         247 ,   10.029999999999999     
         248 ,   9.0500000000000007     
         249 ,   9.6099999999999994     
         250 ,   9.2500000000000000     
         251 ,   9.1099999999999994     
         252 ,   9.2599999999999998     
         253 ,   9.9199999999999999     
         254 ,   9.4700000000000006     
         255 ,   8.5399999999999991     
         256 ,   9.9499999999999993     
         257 ,   11.820000000000000     
         258 ,   11.070000000000000     
         259 ,   12.680000000000000     
         260 ,   10.740000000000000     
         261 ,   8.2899999999999991     
         262 ,   8.0899999999999999     
         263 ,   8.1400000000000006     
         264 ,   7.4400000000000004     
         265 ,   7.3799999999999999     
         266 ,   8.5700000000000003     
         267 ,   8.9199999999999999     
         268 ,   9.6400000000000006     
         269 ,   10.810000000000000     
         270 ,   12.199999999999999     
         271 ,   13.619999999999999     
         272 ,   16.289999999999999     
         273 ,   16.879999999999999     
         274 ,   16.480000000000000     
         275 ,   18.460000000000001     
         276 ,   23.059999999999999     
         277 ,   19.329999999999998     
         278 ,   19.430000000000000     
         279 ,   16.180000000000000     
         280 ,   14.160000000000000     
         281 ,   10.960000000000001     
         282 ,   10.000000000000000     
         283 ,   10.480000000000000     
         284 ,   12.619999999999999     
         285 ,   17.289999999999999     
         286 ,   21.760000000000002     
         287 ,   24.059999999999999     
         288 ,   21.230000000000000     
         289 ,   18.820000000000000     
         290 ,   15.830000000000000     
         291 ,   13.060000000000000     
         292 ,   11.770000000000000     
         293 ,   10.020000000000000     
         294 ,   10.480000000000000     
         295 ,   10.949999999999999     
         296 ,   10.670000000000000     
         297 ,   10.570000000000000     
         298 ,   10.730000000000000     
         299 ,   11.160000000000000     
         300 ,   12.619999999999999     
         301 ,   15.680000000000000     
         302 ,   24.770000000000000     
