           1   32.3599701    
           2   21.6424026    
           3   24.9824638    
           4   13.0363684    
           5   4.99401379    
           6   3.80363965    
           7   2.96372032    
           8   4.92015266    
           9   5.05621338    
          10   4.30429316    
          11   4.93231201    
          12   8.44930840    
          13   8.77600479    
          14   7.96332359    
          15   4.06257725    
          16   3.78964090    
          17   2.79249930    
          18   2.13480520    
          19   1.54739487    
          20   1.41531956    
          21   1.77614594    
          22   1.80517685    
          23   2.96718216    
          24   5.52480555    
          25   7.30560350    
          26   5.73064566    
          27   5.80529261    
          28   9.38778114    
          29   9.04827881    
          30   8.58114910    
          31   7.09605742    
          32   5.12790823    
          33   4.76897192    
          34   5.12325335    
          35   3.80897331    
          36   3.38595462    
          37   4.33254290    
          38   5.18040276    
          39   3.63005328    
          40   2.44584727    
          41   2.31839967    
          42   1.86436832    
          43   1.50270939    
          44   1.84567833    
          45   1.98196864    
          46   3.07865763    
          47   3.89631248    
          48   3.67497921    
          49   3.32615113    
          50   3.76176929    
          51   3.28001451    
          52   5.06132650    
          53   6.75657225    
          54   5.68814802    
          55   5.26081276    
          56   8.95452785    
          57   11.3258114    
          58   10.5185528    
          59   13.2298861    
          60   12.9942751    
          61   7.18848228    
          62   7.03771544    
          63   6.16944981    
          64   7.23417139    
          65   7.41325378    
          66   4.95291233    
          67   4.54337406    
          68   5.31685305    
          69   4.16342592    
          70   4.53928852    
          71   6.25707579    
          72   5.29805803    
          73   4.62904501    
          74   7.61817265    
          75   9.57959270    
          76   7.76272154    
          77   7.73526955    
          78   3.90957737    
          79   3.13698959    
          80   2.49504948    
          81   2.51254010    
          82   2.37937808    
          83   2.91133595    
          84   2.63412166    
          85   2.60689306    
          86   2.75782299    
          87   3.37926126    
          88   5.21954060    
          89   5.37078333    
          90   5.26042986    
          91   4.69863081    
          92   6.47033024    
          93   11.2439051    
          94   9.00534344    
          95   7.34934902    
          96   15.2180862    
          97   16.5160160    
          98   11.2613754    
          99   15.5662565    
         100   13.4556904    
         101   11.4593878    
         102   12.1503201    
         103   9.60752964    
         104   5.91567183    
         105   6.34926653    
         106   6.83565807    
         107   5.47533369    
         108   4.02432585    
         109   4.52749777    
         110   4.92563248    
         111   3.75112772    
         112   3.27450800    
         113   4.00421333    
         114   4.13704252    
         115   3.41937089    
         116   3.40178871    
         117   4.65850878    
         118   4.68406677    
         119   4.33635092    
         120   4.97052813    
         121   6.36576509    
         122   6.33635902    
         123   3.52651429    
         124   3.18591523    
         125   2.64782858    
         126   1.96587193    
         127   2.16794491    
         128   1.74611819    
         129   2.08001685    
         130   2.32891107    
         131   2.60574675    
         132   3.56873703    
         133   3.66550684    
         134   5.58861065    
         135   9.07080555    
         136   12.5674782    
         137   11.1344309    
         138   9.09599400    
         139   6.37177324    
         140   5.15330267    
         141   9.12215710    
         142   7.66730833    
         143   7.56370783    
         144   5.80895281    
         145   5.56156969    
         146   7.47414351    
         147   7.63580799    
         148   7.57827091    
         149   7.45058441    
         150   8.25712395    
         151   8.29095459    
         152   5.36493921    
         153   4.48936272    
         154   4.97796535    
         155   4.89003229    
         156   3.62463546    
         157   3.04326344    
         158   4.40284348    
         159   4.96202660    
         160   3.76086998    
         161   3.92762232    
         162   6.54403591    
         163   7.16943026    
         164   6.94655228    
         165   8.28634739    
         166   10.4074440    
         167   5.46320629    
         168   4.46704054    
         169   2.16443062    
         170   1.83978808    
         171   1.84989870    
         172   1.67985690    
         173   2.08556890    
         174   3.15848970    
         175   3.80060196    
         176   4.55378580    
         177   7.60638380    
         178   7.61937380    
         179   9.32725143    
         180   13.1083364    
         181   8.32618999    
         182   8.31820202    
         183   5.62968636    
         184   5.08203173    
         185   6.02606630    
         186   5.48189020    
         187   4.44705725    
         188   4.59655666    
         189   5.41806269    
         190   5.01504135    
         191   4.59761620    
         192   5.99627352    
         193   7.13725519    
         194   6.79516840    
         195   7.47871256    
         196   10.9390745    
         197   11.7271528    
         198   11.1595697    
         199   6.09487772    
         200   4.13971043    
         201   2.98626280    
         202   2.56221032    
         203   2.20748472    
         204   2.16500068    
         205   1.88699353    
         206   1.93018556    
         207   2.14210987    
         208   2.14669418    
         209   3.12964010    
         210   3.94757628    
         211   7.34750319    
         212   8.37873554    
         213   9.79430962    
         214   8.10202122    
         215   7.19972897    
         216   7.95167398    
         217   7.20547009    
         218   5.39605379    
         219   6.42710018    
         220   7.42568111    
         221   5.81537962    
         222   5.09751129    
         223   6.42121887    
         224   5.98405981    
         225   5.82906961    
         226   7.09741020    
         227   7.61663914    
         228   7.07783842    
         229   7.17411184    
         230   3.77942538    
         231   3.60727572    
         232   2.35835576    
         233   2.20033145    
         234   2.41192555    
         235   2.33979607    
         236   2.35901999    
         237   2.28507829    
         238   1.87275362    
         239   2.23806834    
         240   3.48686695    
         241   5.61796474    
         242   6.50024271    
         243   4.66825342    
         244   6.32565784    
         245   5.90101719    
         246   6.58091736    
         247   5.28226328    
         248   4.05581903    
         249   4.53520775    
         250   4.41641140    
         251   3.67210579    
         252   3.97645497    
         253   4.84454727    
         254   4.28824663    
         255   3.71510005    
         256   5.41730976    
         257   6.15648317    
         258   5.14067030    
         259   7.69128609    
         260   4.94043779    
         261   3.27234530    
         262   2.79957867    
         263   2.53940868    
         264   2.24876308    
         265   1.79164886    
         266   1.66847229    
         267   2.46419930    
         268   2.85403347    
         269   4.08681917    
         270   6.27128506    
         271   5.47490072    
         272   11.2479382    
         273   12.0259342    
         274   8.36007977    
         275   10.8299284    
         276   9.82565689    
         277   9.63043499    
         278   14.1118717    
         279   9.97673512    
         280   7.16188145    
         281   4.64160109    
         282   3.67914987    
         283   3.69612718    
         284   4.50671721    
         285   7.63466549    
         286   12.0346918    
         287   14.9849739    
         288   10.1308880    
         289   10.3569517    
         290   6.99910641    
         291   5.65150166    
         292   7.58541250    
         293   6.17071390    
         294   4.31956625    
         295   6.37533951    
         296   7.21427202    
         297   5.75108433    
         298   6.57631969    
         299   11.4185905    
         300   11.7462778    
         301   12.0241098    
         302   18.8637676    
