           1 ,   9.0224728396926065E-002
           2 ,   7.8089481476424916E-002
           3 ,   6.0401778436096336E-002
           4 ,   5.4682950534110819E-002
           5 ,   5.0950678054961292E-002
           6 ,   4.8911896603019790E-002
           7 ,   2.7330971128147415E-002
           8 ,   4.4339237511709047E-002
           9 ,   4.4647262560350578E-002
          10 ,   4.0743411456909434E-002
          11 ,   4.0294958962712700E-002
          12 ,   3.9078474498699729E-002
          13 ,   3.7884456473057909E-002
          14 ,   3.8061127779174898E-002
          15 ,   3.7144196557625908E-002
          16 ,   3.5746254964072896E-002
          17 ,   3.5805527045080596E-002
          18 ,   3.2819130486863864E-002
          19 ,   3.2709224445149877E-002
          20 ,   3.2879844953753221E-002
          21 ,   3.3200429283427910E-002
          22 ,   3.0174263846226249E-002
          23 ,   2.9837259156585961E-002
          24 ,   3.0259168396558182E-002
          25 ,   2.9760572938285566E-002
          26 ,   2.9504504156332694E-002
          27 ,   2.7224834153656584E-002
          28 ,   2.4484223350424744E-002
          29 ,   2.7898969673158067E-002
          30 ,   1.8571616456579291E-002
          31 ,   2.7404492259280207E-002
          32 ,   2.6453079177911287E-002
          33 ,   2.3510753825988773E-002
          34 ,   2.6177546849538866E-002
          35 ,   2.4893498634643570E-002
          36 ,   2.6532027667614803E-002
          37 ,   2.4618588642233919E-002
          38 ,   2.4602184945640693E-002
          39 ,   2.3226903621895684E-002
          40 ,   2.2294860897211527E-002
          41 ,   2.3199495180929168E-002
          42 ,   2.3374282366157333E-002
          43 ,   2.2306703327236787E-002
          44 ,   2.1105683965456427E-002
          45 ,   1.9437232558608495E-002
          46 ,   2.0512485518617247E-002
          47 ,   2.0638370052925934E-002
          48 ,   1.3098549901764390E-002
          49 ,   1.7236361169756992E-002
          50 ,   1.9727256649876901E-002
          51 ,   1.8916073017033620E-002
          52 ,   1.8657797338443510E-002
          53 ,   1.7192341900457455E-002
          54 ,   1.7904972295258073E-002
          55 ,   1.8631513028343184E-002
          56 ,   1.8277081683827089E-002
          57 ,   1.7117685785656790E-002
          58 ,   1.2030332358175327E-002
          59 ,   1.4727011318375671E-002
          60 ,   1.6864967453904030E-002
          61 ,   1.6790991736653608E-002
          62 ,   1.6695564331509566E-002
          63 ,   1.7734928054189695E-002
          64 ,   1.6097375295167544E-002
          65 ,   1.6839854137881919E-002
          66 ,   1.8535820261870620E-002
          67 ,   1.7658857534421996E-002
          68 ,   1.8290115164391375E-002
          69 ,   1.8445494759806863E-002
          70 ,   1.6589193562609041E-002
          71 ,   1.6970394726221229E-002
          72 ,   1.7946310251214872E-002
          73 ,   1.6629981789859114E-002
          74 ,   1.5417838833574718E-002
          75 ,   1.5940036450390348E-002
          76 ,   1.5413281459802294E-002
          77 ,   1.5571702276522265E-002
          78 ,   1.7509606886795970E-002
          79 ,   1.6433004365179832E-002
          80 ,   1.4848063629638997E-002
          81 ,   1.5700412997933438E-002
          82 ,   1.5141239652910454E-002
          83 ,   1.5755256196067356E-002
          84 ,   1.5043129453726888E-002
          85 ,   1.5220966917264373E-002
          86 ,   1.3813493522078890E-002
          87 ,   1.0870065908644791E-002
          88 ,   1.2590362233006178E-002
          89 ,   1.2093433798117345E-002
          90 ,   1.4027401093046369E-002
          91 ,   1.3560342582962542E-002
          92 ,   1.4376299104089121E-002
          93 ,   1.4245274042138316E-002
          94 ,   1.4150438364293349E-002
          95 ,   1.5064656434793438E-002
          96 ,   1.4317878993845744E-002
          97 ,   1.4182887796515590E-002
          98 ,   1.4464777575386108E-002
          99 ,   1.3019716615396748E-002
         100 ,   1.4392659346772772E-002
