           1  0.640190423    
           2  0.523549616    
           3  0.562500298    
           4  0.406334281    
           5  0.251495391    
           6  0.219484985    
           7  0.193741992    
           8  0.249628648    
           9  0.253056705    
          10  0.233483419    
          11  0.249936908    
          12  0.327126503    
          13  0.333390772    
          14  0.317579389    
          15  0.226832852    
          16  0.219080716    
          17  0.188062266    
          18  0.164431214    
          19  0.139992803    
          20  0.133885145    
          21  0.149983838    
          22  0.151204601    
          23  0.193855107    
          24  0.264523119    
          25  0.304181755    
          26  0.269405782    
          27  0.271154732    
          28  0.344815373    
          29  0.338522941    
          30  0.329668820    
          31  0.299787611    
          32  0.254844487    
          33  0.245763570    
          34  0.254728794    
          35  0.219638810    
          36  0.207083598    
          37  0.234248370    
          38  0.256145597    
          39  0.214418188    
          40  0.176002890    
          41  0.171355993    
          42  0.153663591    
          43  0.137956649    
          44  0.152891427    
          45  0.158435866    
          46  0.197463050    
          47  0.222142681    
          48  0.215740949    
          49  0.205246672    
          50  0.218273595    
          51  0.203818232    
          52  0.253184617    
          53  0.292528600    
          54  0.268404990    
          55  0.258125871    
          56  0.336764634    
          57  0.378738791    
          58  0.364991814    
          59  0.409339041    
          60  0.405677736    
          61  0.301733643    
          62  0.298552692    
          63  0.279529959    
          64  0.302691013    
          65  0.306414694    
          66  0.250458300    
          67  0.239880189    
          68  0.259497076    
          69  0.229631022    
          70  0.239772320    
          71  0.281508058    
          72  0.259038001    
          73  0.242131248    
          74  0.310620815    
          75  0.348320186    
          76  0.313553840    
          77  0.312998950    
          78  0.222520515    
          79  0.199324951    
          80  0.177764371    
          81  0.178386360    
          82  0.173594862    
          83  0.192022130    
          84  0.182651415    
          85  0.181704938    
          86  0.186890975    
          87  0.206878811    
          88  0.257111371    
          89  0.260809809    
          90  0.258116484    
          91  0.243944377    
          92  0.286265075    
          93  0.377366811    
          94  0.337718815    
          95  0.305091113    
          96  0.439020842    
          97  0.457359582    
          98  0.377659887    
          99  0.444014579    
         100  0.412817538    
         101  0.380965680    
         102  0.392282546    
         103  0.348827720    
         104  0.273720384    
         105  0.283574313    
         106  0.294235647    
         107  0.263336122    
         108  0.225762457    
         109  0.239460707    
         110  0.249767616    
         111  0.217964649    
         112  0.203647062    
         113  0.225197583    
         114  0.228902295    
         115  0.208102956    
         116  0.207567230    
         117  0.242900595    
         118  0.243566006    
         119  0.234351292    
         120  0.250903308    
         121  0.283942521    
         122  0.283285946    
         123  0.211338177    
         124  0.200873315    
         125  0.183126017    
         126  0.157791182    
         127  0.165702567    
         128  0.148710608    
         129  0.162307501    
         130  0.171744004    
         131  0.181664988    
         132  0.212599590    
         133  0.215462729    
         134  0.266046196    
         135  0.338944077    
         136  0.398959845    
         137  0.375525236    
         138  0.339414358    
         139  0.284076482    
         140  0.255474746    
         141  0.339902133    
         142  0.311620921    
         143  0.309508443    
         144  0.271240205    
         145  0.265401781    
         146  0.307670504    
         147  0.310980111    
         148  0.309806257    
         149  0.307185203    
         150  0.323384732    
         151  0.324046552    
         152  0.260667890    
         153  0.238450080    
         154  0.251090974    
         155  0.248863384    
         156  0.214258119    
         157  0.196324691    
         158  0.236141190    
         159  0.250688642    
         160  0.218247503    
         161  0.223033443    
         162  0.287890911    
         163  0.301333517    
         164  0.296612740    
         165  0.323956490    
         166  0.363058984    
         167  0.263044327    
         168  0.237856537    
         169  0.165568218    
         170  0.152647272    
         171  0.153066128    
         172  0.145861700    
         173  0.162523970    
         174  0.200006843    
         175  0.219397321    
         176  0.240154892    
         177  0.310380369    
         178  0.310645282    
         179  0.343701929    
         180  0.407454312    
         181  0.324734390    
         182  0.324578583    
         183  0.267022133    
         184  0.253701955    
         185  0.276262581    
         186  0.263493747    
         187  0.237323910    
         188  0.241280064    
         189  0.261955291    
         190  0.252024293    
         191  0.241307870    
         192  0.275578827    
         193  0.300656617    
         194  0.293362945    
         195  0.307764530    
         196  0.372216344    
         197  0.385390878    
         198  0.375948936    
         199  0.277835429    
         200  0.228976086    
         201  0.194477409    
         202  0.180140972    
         203  0.167206824    
         204  0.165590018    
         205  0.154593185    
         206  0.156352445    
         207  0.164712295    
         208  0.164888442    
         209  0.199091315    
         210  0.223599285    
         211  0.305052817    
         212  0.325757474    
         213  0.352202177    
         214  0.320333123    
         215  0.301969588    
         216  0.317347020    
         217  0.302089959    
         218  0.261422694    
         219  0.285307169    
         220  0.306671411    
         221  0.271390200    
         222  0.254088044    
         223  0.285176575    
         224  0.275298029    
         225  0.271709442    
         226  0.299816191    
         227  0.310589522    
         228  0.299402535    
         229  0.301431894    
         230  0.218785241    
         231  0.213744432    
         232  0.172826290    
         233  0.166935682    
         234  0.174778119    
         235  0.172144890    
         236  0.172850624    
         237  0.170120120    
         238  0.154008776    
         239  0.168361127    
         240  0.210146829    
         241  0.266743988    
         242  0.286926001    
         243  0.243154526    
         244  0.283046633    
         245  0.273381144    
         246  0.288701028    
         247  0.258651584    
         248  0.226644099    
         249  0.239664510    
         250  0.236504763    
         251  0.215656579    
         252  0.224415660    
         253  0.247703269    
         254  0.233047798    
         255  0.216915399    
         256  0.261937082    
         257  0.279236048    
         258  0.255161405    
         259  0.312107801    
         260  0.250142723    
         261  0.203579798    
         262  0.188300505    
         263  0.179337636    
         264  0.168762907    
         265  0.150636971    
         266  0.145366609    
         267  0.176661968    
         268  0.190123007    
         269  0.227508605    
         270  0.281827509    
         271  0.263325691    
         272  0.377434492    
         273  0.390269428    
         274  0.325394601    
         275  0.370354742    
         276  0.352765352    
         277  0.349243283    
         278  0.422763467    
         279  0.355467051    
         280  0.301174849    
         281  0.242459416    
         282  0.215863332    
         283  0.216360807    
         284  0.238910526    
         285  0.310956866    
         286  0.390411526    
         287  0.435645401    
         288  0.358202726    
         289  0.362177193    
         290  0.297732621    
         291  0.267538995    
         292  0.309952199    
         293  0.279558599    
         294  0.233897299    
         295  0.284155965    
         296  0.302274406    
         297  0.269885778    
         298  0.288600177    
         299  0.380286902    
         300  0.385704994    
         301  0.390239835    
         302  0.488786668    
